# The v22 mockup's boxes by view (v22-export-boxes.js), "key x y width height" in window pixels.
# Changed since approval: surface, row_sel_bg, rule_391 and rule_607 start at x 240, not 248 (16 px on both
# sides of the knobs; the user, 2026-10-08).
[track]
logo 16 0 224 56
tab_track 256 0 64 56
tab_mix 336 0 64 56
tab_master 416 0 64 56
size 896 16 224 24
main_label 1216 16 64 16
main_meter 1216 32 64 8
rule_55 0 55 1296 1
kit 16 84 168 24
kit_save 192 84 40 24
caption 256 84 64 24
track_prev 336 84 24 24
track_next 360 84 24 24
family 896 84 224 24
velocity_label 1136 84 64 24
play 1216 84 64 64
machine 256 108 304 40
velocity 1136 112 64 32
tracks_label 16 124 224 24
output 896 124 224 24
velocity_bar 1136 144 64 4
rule_175 0 175 1296 1
row_sel_bg 0 176 240 40
surface 240 176 1056 648
screen_hit 896 176 400 216
row_sel_mark 0 184 4 24
row1_num 16 184 24 24
row1_name 48 184 84 24
row1_scope 136 184 32 24
row1_mute 176 184 24 24
row1_solo 208 184 24 24
screen_hit_title 912 192 368 24
syn_title 256 204 224 24
row2_num 16 224 24 24
row2_name 48 224 84 24
row2_scope 136 224 32 24
row2_mute 176 224 24 24
row2_solo 208 224 24 24
syn_group1 256 236 624 16
k_SYN1 256 260 64 64
k_SYN2 336 260 64 64
k_SYN3 416 260 64 64
k_SYN4 496 260 64 64
k_SYN5 576 260 64 64
k_SYN6 656 260 64 64
k_SYN7 736 260 64 64
k_SYN8 816 260 64 64
row3_num 16 264 24 24
row3_name 48 264 84 24
row3_scope 136 264 32 24
row3_mute 176 264 24 24
row3_solo 208 264 24 24
row4_num 16 304 24 24
row4_name 48 304 84 24
row4_scope 136 304 32 24
row4_mute 176 304 24 24
row4_solo 208 304 24 24
n_SYN1 256 332 64 16
n_SYN2 336 332 64 16
n_SYN3 416 332 64 16
n_SYN4 496 332 64 16
n_SYN5 576 332 64 16
n_SYN6 656 332 64 16
n_SYN7 736 332 64 16
n_SYN8 816 332 64 16
row5_num 16 344 24 24
row5_name 48 344 84 24
row5_scope 136 344 32 24
row5_mute 176 344 24 24
row5_solo 208 344 24 24
v_SYN1 256 348 64 16
v_SYN2 336 348 64 16
v_SYN3 416 348 64 16
v_SYN4 496 348 64 16
v_SYN5 576 348 64 16
v_SYN6 656 348 64 16
v_SYN7 736 348 64 16
v_SYN8 816 348 64 16
row6_num 16 384 24 24
row6_name 48 384 84 24
row6_scope 136 384 32 24
row6_mute 176 384 24 24
row6_solo 208 384 24 24
rule_391 240 391 1056 1
screen_filter 896 392 400 216
screen_filter_title 912 408 368 24
efx_title 256 420 224 24
row7_num 16 424 24 24
row7_name 48 424 84 24
row7_scope 136 424 32 24
row7_mute 176 424 24 24
row7_solo 208 424 24 24
efx_group1 256 452 144 16
efx_group2 416 452 144 16
efx_group3 576 452 224 16
row8_num 16 464 24 24
row8_name 48 464 84 24
row8_scope 136 464 32 24
row8_mute 176 464 24 24
row8_solo 208 464 24 24
k_AMD 256 476 64 64
k_AMF 336 476 64 64
k_EQF 416 476 64 64
k_EQG 496 476 64 64
k_FLTF 576 476 64 64
k_FLTW 656 476 64 64
k_FLTQ 736 476 64 64
k_SRR 816 476 64 64
row9_num 16 504 24 24
row9_name 48 504 84 24
row9_scope 136 504 32 24
row9_mute 176 504 24 24
row9_solo 208 504 24 24
row10_num 16 544 24 24
row10_name 48 544 84 24
row10_scope 136 544 32 24
row10_mute 176 544 24 24
row10_solo 208 544 24 24
n_AMD 256 548 64 16
n_AMF 336 548 64 16
n_EQF 416 548 64 16
n_EQG 496 548 64 16
n_FLTF 576 548 64 16
n_FLTW 656 548 64 16
n_FLTQ 736 548 64 16
n_SRR 816 548 64 16
v_AMD 256 564 64 16
v_AMF 336 564 64 16
v_EQF 416 564 64 16
v_EQG 496 564 64 16
v_FLTF 576 564 64 16
v_FLTW 656 564 64 16
v_FLTQ 736 564 64 16
v_SRR 816 564 64 16
row11_num 16 584 24 24
row11_name 48 584 84 24
row11_scope 136 584 32 24
row11_mute 176 584 24 24
row11_solo 208 584 24 24
rule_607 240 607 1056 1
screen_lfo 896 608 400 216
row12_num 16 624 24 24
row12_name 48 624 84 24
row12_scope 136 624 32 24
row12_mute 176 624 24 24
row12_solo 208 624 24 24
screen_lfo_title 912 624 368 24
routing_title 256 636 224 24
row13_num 16 664 24 24
row13_name 48 664 84 24
row13_scope 136 664 32 24
row13_mute 176 664 24 24
row13_solo 208 664 24 24
routing_group1 256 668 224 16
routing_group2 496 668 144 16
routing_group3 656 668 224 16
k_DIST 256 692 64 64
k_VOL 336 692 64 64
k_PAN 416 692 64 64
k_DEL 496 692 64 64
k_REV 576 692 64 64
k_LFOS 656 692 64 64
k_LFOD 736 692 64 64
k_LFOM 816 692 64 64
row14_num 16 704 24 24
row14_name 48 704 84 24
row14_scope 136 704 32 24
row14_mute 176 704 24 24
row14_solo 208 704 24 24
lfo_shape1_0 964 720 44 24
lfo_shape1_1 1012 720 44 24
lfo_shape1_2 1060 720 44 24
lfo_shape1_3 1108 720 44 24
lfo_shape1_4 1156 720 44 24
lfo_shape1_5 1204 720 44 24
lfo_shape1_label 912 724 48 16
row15_num 16 744 24 24
row15_name 48 744 84 24
row15_scope 136 744 32 24
row15_mute 176 744 24 24
row15_solo 208 744 24 24
lfo_shape2_0 964 752 44 24
lfo_shape2_1 1012 752 44 24
lfo_shape2_2 1060 752 44 24
lfo_shape2_3 1108 752 44 24
lfo_shape2_4 1156 752 44 24
lfo_shape2_5 1204 752 44 24
lfo_shape2_label 912 756 48 16
n_DIST 256 764 64 16
n_VOL 336 764 64 16
n_PAN 416 764 64 16
n_DEL 496 764 64 16
n_REV 576 764 64 16
n_LFOS 656 764 64 16
n_LFOD 736 764 64 16
n_LFOM 816 764 64 16
v_DIST 256 780 64 16
v_VOL 336 780 64 16
v_PAN 416 780 64 16
v_DEL 496 780 64 16
v_REV 576 780 64 16
v_LFOS 656 780 64 16
v_LFOD 736 780 64 16
v_LFOM 816 780 64 16
row16_num 16 784 24 24
row16_name 48 784 84 24
row16_scope 136 784 32 24
row16_mute 176 784 24 24
row16_solo 208 784 24 24
lfo_mode_0 964 784 44 24
lfo_mode_1 1012 784 44 24
lfo_mode_2 1060 784 44 24
lfo_mode_label 912 788 48 16
[mix]
mix_surface 0 56 1296 768
strip_sel_bg 0 56 88 768
strip_sel_bar 16 56 64 4
strip_sep2 88 56 1 768
strip_sep3 168 56 1 768
strip_sep4 248 56 1 768
strip_sep5 328 56 1 768
strip_sep6 408 56 1 768
strip_sep7 488 56 1 768
strip_sep8 568 56 1 768
strip_sep9 648 56 1 768
strip_sep10 728 56 1 768
strip_sep11 808 56 1 768
strip_sep12 888 56 1 768
strip_sep13 968 56 1 768
strip_sep14 1048 56 1 768
strip_sep15 1128 56 1 768
strip_sep16 1208 56 1 768
strip1_num 16 84 64 16
strip2_num 96 84 64 16
strip3_num 176 84 64 16
strip4_num 256 84 64 16
strip5_num 336 84 64 16
strip6_num 416 84 64 16
strip7_num 496 84 64 16
strip8_num 576 84 64 16
strip9_num 656 84 64 16
strip10_num 736 84 64 16
strip11_num 816 84 64 16
strip12_num 896 84 64 16
strip13_num 976 84 64 16
strip14_num 1056 84 64 16
strip15_num 1136 84 64 16
strip16_num 1216 84 64 16
strip1_name 16 100 64 24
strip2_name 96 100 64 24
strip3_name 176 100 64 24
strip4_name 256 100 64 24
strip5_name 336 100 64 24
strip6_name 416 100 64 24
strip7_name 496 100 64 24
strip8_name 576 100 64 24
strip9_name 656 100 64 24
strip10_name 736 100 64 24
strip11_name 816 100 64 24
strip12_name 896 100 64 24
strip13_name 976 100 64 24
strip14_name 1056 100 64 24
strip15_name 1136 100 64 24
strip16_name 1216 100 64 24
strip1_pan 16 132 64 64
strip2_pan 96 132 64 64
strip3_pan 176 132 64 64
strip4_pan 256 132 64 64
strip5_pan 336 132 64 64
strip6_pan 416 132 64 64
strip7_pan 496 132 64 64
strip8_pan 576 132 64 64
strip9_pan 656 132 64 64
strip10_pan 736 132 64 64
strip11_pan 816 132 64 64
strip12_pan 896 132 64 64
strip13_pan 976 132 64 64
strip14_pan 1056 132 64 64
strip15_pan 1136 132 64 64
strip16_pan 1216 132 64 64
strip1_pan_label 16 196 64 16
strip2_pan_label 96 196 64 16
strip3_pan_label 176 196 64 16
strip4_pan_label 256 196 64 16
strip5_pan_label 336 196 64 16
strip6_pan_label 416 196 64 16
strip7_pan_label 496 196 64 16
strip8_pan_label 576 196 64 16
strip9_pan_label 656 196 64 16
strip10_pan_label 736 196 64 16
strip11_pan_label 816 196 64 16
strip12_pan_label 896 196 64 16
strip13_pan_label 976 196 64 16
strip14_pan_label 1056 196 64 16
strip15_pan_label 1136 196 64 16
strip16_pan_label 1216 196 64 16
strip1_meter 16 228 4 492
strip1_fader 16 228 64 492
strip2_meter 96 228 4 492
strip2_fader 96 228 64 492
strip3_meter 176 228 4 492
strip3_fader 176 228 64 492
strip4_meter 256 228 4 492
strip4_fader 256 228 64 492
strip5_meter 336 228 4 492
strip5_fader 336 228 64 492
strip6_meter 416 228 4 492
strip6_fader 416 228 64 492
strip7_meter 496 228 4 492
strip7_fader 496 228 64 492
strip8_meter 576 228 4 492
strip8_fader 576 228 64 492
strip9_meter 656 228 4 492
strip9_fader 656 228 64 492
strip10_meter 736 228 4 492
strip10_fader 736 228 64 492
strip11_meter 816 228 4 492
strip11_fader 816 228 64 492
strip12_meter 896 228 4 492
strip12_fader 896 228 64 492
strip13_meter 976 228 4 492
strip13_fader 976 228 64 492
strip14_meter 1056 228 4 492
strip14_fader 1056 228 64 492
strip15_meter 1136 228 4 492
strip15_fader 1136 228 64 492
strip16_meter 1216 228 4 492
strip16_fader 1216 228 64 492
strip1_level 16 728 64 16
strip2_level 96 728 64 16
strip3_level 176 728 64 16
strip4_level 256 728 64 16
strip5_level 336 728 64 16
strip6_level 416 728 64 16
strip7_level 496 728 64 16
strip8_level 576 728 64 16
strip9_level 656 728 64 16
strip10_level 736 728 64 16
strip11_level 816 728 64 16
strip12_level 896 728 64 16
strip13_level 976 728 64 16
strip14_level 1056 728 64 16
strip15_level 1136 728 64 16
strip16_level 1216 728 64 16
strip1_mute 20 752 24 24
strip1_solo 52 752 24 24
strip2_mute 100 752 24 24
strip2_solo 132 752 24 24
strip3_mute 180 752 24 24
strip3_solo 212 752 24 24
strip4_mute 260 752 24 24
strip4_solo 292 752 24 24
strip5_mute 340 752 24 24
strip5_solo 372 752 24 24
strip6_mute 420 752 24 24
strip6_solo 452 752 24 24
strip7_mute 500 752 24 24
strip7_solo 532 752 24 24
strip8_mute 580 752 24 24
strip8_solo 612 752 24 24
strip9_mute 660 752 24 24
strip9_solo 692 752 24 24
strip10_mute 740 752 24 24
strip10_solo 772 752 24 24
strip11_mute 820 752 24 24
strip11_solo 852 752 24 24
strip12_mute 900 752 24 24
strip12_solo 932 752 24 24
strip13_mute 980 752 24 24
strip13_solo 1012 752 24 24
strip14_mute 1060 752 24 24
strip14_solo 1092 752 24 24
strip15_mute 1140 752 24 24
strip15_solo 1172 752 24 24
strip16_mute 1220 752 24 24
strip16_solo 1252 752 24 24
strip1_out 20 784 56 24
strip2_out 100 784 56 24
strip3_out 180 784 56 24
strip4_out 260 784 56 24
strip5_out 340 784 56 24
strip6_out 420 784 56 24
strip7_out 500 784 56 24
strip8_out 580 784 56 24
strip9_out 660 784 56 24
strip10_out 740 784 56 24
strip11_out 820 784 56 24
strip12_out 900 784 56 24
strip13_out 980 784 56 24
strip14_out 1060 784 56 24
strip15_out 1140 784 56 24
strip16_out 1220 784 56 24
[master]
rule_55 0 55 1296 1
master_surface 0 56 1296 768
echo_title 16 84 624 24
reverb_title 656 84 624 24
echo_role 16 116 624 24
reverb_role 656 116 624 24
echo_group1 16 172 304 16
echo_group2 336 172 144 16
echo_group3 496 172 144 16
reverb_group1 656 172 304 16
reverb_group2 976 172 144 16
reverb_group3 1136 172 64 16
reverb_group4 1216 172 64 16
k_echo_TIME 16 196 64 64
k_echo_MOD 96 196 64 64
k_echo_MFRQ 176 196 64 64
k_echo_FB 256 196 64 64
k_echo_FLTF 336 196 64 64
k_echo_FLTW 416 196 64 64
k_echo_MONO 496 196 64 64
k_echo_LEV 576 196 64 64
k_reverb_DVOL 656 196 64 64
k_reverb_PRED 736 196 64 64
k_reverb_DEC 816 196 64 64
k_reverb_DAMP 896 196 64 64
k_reverb_HP 976 196 64 64
k_reverb_LP 1056 196 64 64
k_reverb_GATE 1136 196 64 64
k_reverb_LEV 1216 196 64 64
n_echo_TIME 16 268 64 16
n_echo_MOD 96 268 64 16
n_echo_MFRQ 176 268 64 16
n_echo_FB 256 268 64 16
n_echo_FLTF 336 268 64 16
n_echo_FLTW 416 268 64 16
n_echo_MONO 496 268 64 16
n_echo_LEV 576 268 64 16
n_reverb_DVOL 656 268 64 16
n_reverb_PRED 736 268 64 16
n_reverb_DEC 816 268 64 16
n_reverb_DAMP 896 268 64 16
n_reverb_HP 976 268 64 16
n_reverb_LP 1056 268 64 16
n_reverb_GATE 1136 268 64 16
n_reverb_LEV 1216 268 64 16
v_echo_TIME 16 284 64 16
v_echo_MOD 96 284 64 16
v_echo_MFRQ 176 284 64 16
v_echo_FB 256 284 64 16
v_echo_FLTF 336 284 64 16
v_echo_FLTW 416 284 64 16
v_echo_MONO 496 284 64 16
v_echo_LEV 576 284 64 16
v_reverb_DVOL 656 284 64 16
v_reverb_PRED 736 284 64 16
v_reverb_DEC 816 284 64 16
v_reverb_DAMP 896 284 64 16
v_reverb_HP 976 284 64 16
v_reverb_LP 1056 284 64 16
v_reverb_GATE 1136 284 64 16
v_reverb_LEV 1216 284 64 16
rule_327 0 327 1296 1
eq_title 16 356 624 24
dyn_title 656 356 624 24
eq_role 16 388 624 24
dyn_role 656 388 624 24
eq_group1 16 444 144 16
eq_group2 176 444 144 16
eq_group3 336 444 224 16
eq_group4 576 444 64 16
dyn_group1 656 444 144 16
dyn_group2 816 444 224 16
dyn_group3 1056 444 64 16
dyn_group4 1136 444 144 16
k_eq_LF 16 468 64 64
k_eq_LG 96 468 64 64
k_eq_HF 176 468 64 64
k_eq_HG 256 468 64 64
k_eq_PF 336 468 64 64
k_eq_PG 416 468 64 64
k_eq_PQ 496 468 64 64
k_eq_GAIN 576 468 64 64
k_dyn_ATCK 656 468 64 64
k_dyn_REL 736 468 64 64
k_dyn_TRHD 816 468 64 64
k_dyn_RTIO 896 468 64 64
k_dyn_KNEE 976 468 64 64
k_dyn_HP 1056 468 64 64
k_dyn_OUTG 1136 468 64 64
k_dyn_MIX 1216 468 64 64
n_eq_LF 16 540 64 16
n_eq_LG 96 540 64 16
n_eq_HF 176 540 64 16
n_eq_HG 256 540 64 16
n_eq_PF 336 540 64 16
n_eq_PG 416 540 64 16
n_eq_PQ 496 540 64 16
n_eq_GAIN 576 540 64 16
n_dyn_ATCK 656 540 64 16
n_dyn_REL 736 540 64 16
n_dyn_TRHD 816 540 64 16
n_dyn_RTIO 896 540 64 16
n_dyn_KNEE 976 540 64 16
n_dyn_HP 1056 540 64 16
n_dyn_OUTG 1136 540 64 16
n_dyn_MIX 1216 540 64 16
v_eq_LF 16 556 64 16
v_eq_LG 96 556 64 16
v_eq_HF 176 556 64 16
v_eq_HG 256 556 64 16
v_eq_PF 336 556 64 16
v_eq_PG 416 556 64 16
v_eq_PQ 496 556 64 16
v_eq_GAIN 576 556 64 16
v_dyn_ATCK 656 556 64 16
v_dyn_REL 736 556 64 16
v_dyn_TRHD 816 556 64 16
v_dyn_RTIO 896 556 64 16
v_dyn_KNEE 976 556 64 16
v_dyn_HP 1056 556 64 16
v_dyn_OUTG 1136 556 64 16
v_dyn_MIX 1216 556 64 16
rule_599 0 599 1296 1
sends_title 16 628 224 24
sends_role 256 628 1024 24
send1_num 16 676 64 16
send2_num 96 676 64 16
send3_num 176 676 64 16
send4_num 256 676 64 16
send5_num 336 676 64 16
send6_num 416 676 64 16
send7_num 496 676 64 16
send8_num 576 676 64 16
send9_num 656 676 64 16
send10_num 736 676 64 16
send11_num 816 676 64 16
send12_num 896 676 64 16
send13_num 976 676 64 16
send14_num 1056 676 64 16
send15_num 1136 676 64 16
send16_num 1216 676 64 16
send1_name 16 692 64 24
send2_name 96 692 64 24
send3_name 176 692 64 24
send4_name 256 692 64 24
send5_name 336 692 64 24
send6_name 416 692 64 24
send7_name 496 692 64 24
send8_name 576 692 64 24
send9_name 656 692 64 24
send10_name 736 692 64 24
send11_name 816 692 64 24
send12_name 896 692 64 24
send13_name 976 692 64 24
send14_name 1056 692 64 24
send15_name 1136 692 64 24
send16_name 1216 692 64 24
k_DEL_1 16 728 28 28
k_REV_1 52 728 28 28
k_DEL_2 96 728 28 28
k_REV_2 132 728 28 28
k_DEL_3 176 728 28 28
k_REV_3 212 728 28 28
k_DEL_4 256 728 28 28
k_REV_4 292 728 28 28
k_DEL_5 336 728 28 28
k_REV_5 372 728 28 28
k_DEL_6 416 728 28 28
k_REV_6 452 728 28 28
k_DEL_7 496 728 28 28
k_REV_7 532 728 28 28
k_DEL_8 576 728 28 28
k_REV_8 612 728 28 28
k_DEL_9 656 728 28 28
k_REV_9 692 728 28 28
k_DEL_10 736 728 28 28
k_REV_10 772 728 28 28
k_DEL_11 816 728 28 28
k_REV_11 852 728 28 28
k_DEL_12 896 728 28 28
k_REV_12 932 728 28 28
k_DEL_13 976 728 28 28
k_REV_13 1012 728 28 28
k_DEL_14 1056 728 28 28
k_REV_14 1092 728 28 28
k_DEL_15 1136 728 28 28
k_REV_15 1172 728 28 28
k_DEL_16 1216 728 28 28
k_REV_16 1252 728 28 28
n_DEL_1 16 764 28 16
n_REV_1 52 764 28 16
n_DEL_2 96 764 28 16
n_REV_2 132 764 28 16
n_DEL_3 176 764 28 16
n_REV_3 212 764 28 16
n_DEL_4 256 764 28 16
n_REV_4 292 764 28 16
n_DEL_5 336 764 28 16
n_REV_5 372 764 28 16
n_DEL_6 416 764 28 16
n_REV_6 452 764 28 16
n_DEL_7 496 764 28 16
n_REV_7 532 764 28 16
n_DEL_8 576 764 28 16
n_REV_8 612 764 28 16
n_DEL_9 656 764 28 16
n_REV_9 692 764 28 16
n_DEL_10 736 764 28 16
n_REV_10 772 764 28 16
n_DEL_11 816 764 28 16
n_REV_11 852 764 28 16
n_DEL_12 896 764 28 16
n_REV_12 932 764 28 16
n_DEL_13 976 764 28 16
n_REV_13 1012 764 28 16
n_DEL_14 1056 764 28 16
n_REV_14 1092 764 28 16
n_DEL_15 1136 764 28 16
n_REV_15 1172 764 28 16
n_DEL_16 1216 764 28 16
n_REV_16 1252 764 28 16
v_DEL_1 16 780 28 16
v_REV_1 52 780 28 16
v_DEL_2 96 780 28 16
v_REV_2 132 780 28 16
v_DEL_3 176 780 28 16
v_REV_3 212 780 28 16
v_DEL_4 256 780 28 16
v_REV_4 292 780 28 16
v_DEL_5 336 780 28 16
v_REV_5 372 780 28 16
v_DEL_6 416 780 28 16
v_REV_6 452 780 28 16
v_DEL_7 496 780 28 16
v_REV_7 532 780 28 16
v_DEL_8 576 780 28 16
v_REV_8 612 780 28 16
v_DEL_9 656 780 28 16
v_REV_9 692 780 28 16
v_DEL_10 736 780 28 16
v_REV_10 772 780 28 16
v_DEL_11 816 780 28 16
v_REV_11 852 780 28 16
v_DEL_12 896 780 28 16
v_REV_12 932 780 28 16
v_DEL_13 976 780 28 16
v_REV_13 1012 780 28 16
v_DEL_14 1056 780 28 16
v_REV_14 1092 780 28 16
v_DEL_15 1136 780 28 16
v_REV_15 1172 780 28 16
v_DEL_16 1216 780 28 16
v_REV_16 1252 780 28 16
[kits]
rule_55 0 55 1296 1
kit 16 84 168 24
kit_save 192 84 40 24
kits_title 16 124 624 24
kits_actions 896 124 384 24
rule_175 0 175 1296 1
slot_sel_bg 0 176 248 40
kits_sep 968 176 1 648
slot_play_mark 0 184 4 24
slot1 16 184 224 24
slot17 256 184 224 24
slot33 496 184 224 24
slot49 736 184 224 24
kit_caption 976 184 304 24
kit_name_big 976 208 304 32
slot2 16 224 224 24
slot18 256 224 224 24
slot34 496 224 224 24
slot50 736 224 224 24
kit_tracks 976 256 304 16
slot3 16 264 224 24
slot19 256 264 224 24
slot35 496 264 224 24
slot51 736 264 224 24
kitm1 976 280 144 24
kitm9 1136 280 144 24
slot4 16 304 224 24
slot20 256 304 224 24
slot36 496 304 224 24
slot52 736 304 224 24
kitm2 976 304 144 24
kitm10 1136 304 144 24
kitm3 976 328 144 24
kitm11 1136 328 144 24
slot5 16 344 224 24
slot21 256 344 224 24
slot37 496 344 224 24
slot53 736 344 224 24
kitm4 976 352 144 24
kitm12 1136 352 144 24
kitm5 976 376 144 24
kitm13 1136 376 144 24
slot6 16 384 224 24
slot22 256 384 224 24
slot38 496 384 224 24
slot54 736 384 224 24
kitm6 976 400 144 24
kitm14 1136 400 144 24
slot7 16 424 224 24
slot23 256 424 224 24
slot39 496 424 224 24
slot55 736 424 224 24
kitm7 976 424 144 24
kitm15 1136 424 144 24
kitm8 976 448 144 24
kitm16 1136 448 144 24
slot8 16 464 224 24
slot24 256 464 224 24
slot40 496 464 224 24
slot56 736 464 224 24
kit_actions 976 496 304 24
slot9 16 504 224 24
slot25 256 504 224 24
slot41 496 504 224 24
slot57 736 504 224 24
kit_note 976 528 304 16
slot10 16 544 224 24
slot26 256 544 224 24
slot42 496 544 224 24
slot58 736 544 224 24
slot11 16 584 224 24
slot27 256 584 224 24
slot43 496 584 224 24
slot59 736 584 224 24
slot12 16 624 224 24
slot28 256 624 224 24
slot44 496 624 224 24
slot60 736 624 224 24
slot13 16 664 224 24
slot29 256 664 224 24
slot45 496 664 224 24
slot61 736 664 224 24
slot14 16 704 224 24
slot30 256 704 224 24
slot46 496 704 224 24
slot62 736 704 224 24
slot15 16 744 224 24
slot31 256 744 224 24
slot47 496 744 224 24
slot63 736 744 224 24
slot16 16 784 224 24
slot32 256 784 224 24
slot48 496 784 224 24
slot64 736 784 224 24
[browser]
browser_title 256 208 624 24
browser_actions 896 208 384 24
fam_GND 256 248 64 16
fam_TRX 336 248 144 16
fam_EFM 496 248 64 16
fam_E12 576 248 144 16
fam_P-I 736 248 64 16
fam_ROM 896 248 384 16
kind_GND 256 264 64 16
kind_TRX 336 264 144 16
kind_EFM 496 264 64 16
kind_E12 576 264 144 16
kind_P-I 736 264 64 16
kind_ROM 896 264 384 16
mach_0 256 288 64 24
mach_16 336 288 64 24
mach_23 416 288 64 24
mach_32 496 288 64 24
mach_48 576 288 64 24
mach_56 656 288 64 24
mach_64 736 288 64 24
mach_128 896 288 64 24
mach_129 976 288 64 24
mach_130 1056 288 64 24
mach_131 1136 288 64 24
mach_132 1216 288 64 24
mach_1 256 320 64 24
mach_17 336 320 64 24
mach_24 416 320 64 24
mach_33 496 320 64 24
mach_49 576 320 64 24
mach_57 656 320 64 24
mach_65 736 320 64 24
mach_133 896 320 64 24
mach_134 976 320 64 24
mach_135 1056 320 64 24
mach_136 1136 320 64 24
mach_137 1216 320 64 24
mach_2 256 352 64 24
mach_18 336 352 64 24
mach_25 416 352 64 24
mach_34 496 352 64 24
mach_50 576 352 64 24
mach_58 656 352 64 24
mach_66 736 352 64 24
mach_138 896 352 64 24
mach_139 976 352 64 24
mach_140 1056 352 64 24
mach_141 1136 352 64 24
mach_142 1216 352 64 24
mach_3 256 384 64 24
mach_19 336 384 64 24
mach_26 416 384 64 24
mach_35 496 384 64 24
mach_51 576 384 64 24
mach_59 656 384 64 24
mach_67 736 384 64 24
mach_143 896 384 64 24
mach_144 976 384 64 24
mach_145 1056 384 64 24
mach_146 1136 384 64 24
mach_147 1216 384 64 24
mach_20 336 416 64 24
mach_27 416 416 64 24
mach_36 496 416 64 24
mach_52 576 416 64 24
mach_60 656 416 64 24
mach_68 736 416 64 24
mach_148 896 416 64 24
mach_149 976 416 64 24
mach_150 1056 416 64 24
mach_151 1136 416 64 24
mach_152 1216 416 64 24
mach_21 336 448 64 24
mach_28 416 448 64 24
mach_37 496 448 64 24
mach_53 576 448 64 24
mach_61 656 448 64 24
mach_69 736 448 64 24
mach_153 896 448 64 24
mach_154 976 448 64 24
mach_155 1056 448 64 24
mach_156 1136 448 64 24
mach_157 1216 448 64 24
mach_22 336 480 64 24
mach_38 496 480 64 24
mach_54 576 480 64 24
mach_62 656 480 64 24
mach_70 736 480 64 24
mach_158 896 480 64 24
mach_159 976 480 64 24
mach_39 496 512 64 24
mach_55 576 512 64 24
mach_63 656 512 64 24
mach_71 736 512 64 24
preview_group 896 528 384 16
mach_72 736 544 64 24
preview_name 896 552 384 24
preview_listen 896 584 384 16
screen_preview 896 608 400 216
screen_preview_title 912 624 368 24
[lfomenu]
lfomenu 896 608 400 216
lfomenu_head 912 624 368 24
lfomenu_track1 992 656 36 24
lfomenu_track2 1028 656 36 24
lfomenu_track3 1064 656 36 24
lfomenu_track4 1100 656 36 24
lfomenu_track5 1136 656 36 24
lfomenu_track6 1172 656 36 24
lfomenu_track7 1208 656 36 24
lfomenu_track8 1244 656 36 24
lfomenu_track9 992 680 36 24
lfomenu_track10 1028 680 36 24
lfomenu_track11 1064 680 36 24
lfomenu_track12 1100 680 36 24
lfomenu_track13 1136 680 36 24
lfomenu_track14 1172 680 36 24
lfomenu_track15 1208 680 36 24
lfomenu_track16 1244 680 36 24
lfomenu_param1 992 712 36 24
lfomenu_param2 1028 712 36 24
lfomenu_param3 1064 712 36 24
lfomenu_param4 1100 712 36 24
lfomenu_param5 1136 712 36 24
lfomenu_param6 1172 712 36 24
lfomenu_param7 1208 712 36 24
lfomenu_param8 1244 712 36 24
lfomenu_param9 992 736 36 24
lfomenu_param10 1028 736 36 24
lfomenu_param11 1064 736 36 24
lfomenu_param12 1100 736 36 24
lfomenu_param13 1136 736 36 24
lfomenu_param14 1172 736 36 24
lfomenu_param15 1208 736 36 24
lfomenu_param16 1244 736 36 24
lfomenu_param17 992 760 36 24
lfomenu_param18 1028 760 36 24
lfomenu_param19 1064 760 36 24
lfomenu_param20 1100 760 36 24
lfomenu_param21 1136 760 36 24
lfomenu_param22 1172 760 36 24
lfomenu_param23 1208 760 36 24
lfomenu_param24 1244 760 36 24
